Solar irradiance (Kurucz, R.L. 2005)   revised 02jan2010
High resolution irradiance spectrum from 300 to 1000 nm.
Thuillier et al (2004) calibration
Kurucz.harvard.edu/sun/irradiance2005/irradthuwn.br_5nm
0.5 nm FWHM Gaussian broadening
300 by 0.25 to 1000 nm
 
    nm    W/m**2/nm
    2801   2.2133  max
  300.000  0.0774
  300.250  0.2430
  300.500  0.4247
  300.750  0.4846
  301.000  0.5075
  301.250  0.5720
  301.500  0.5870
  301.750  0.5044
  302.000  0.3845
  302.250  0.4132
  302.500  0.5285
  302.750  0.6111
  303.000  0.6670
  303.250  0.6916
  303.500  0.7125
  303.750  0.6255
  304.000  0.5660
  304.250  0.5863
  304.500  0.6396
  304.750  0.6139
  305.000  0.6216
  305.250  0.6964
  305.500  0.6443
  305.750  0.5139
  306.000  0.4888
  306.250  0.5896
  306.500  0.5825
  306.750  0.5455
  307.000  0.6121
  307.250  0.6621
  307.500  0.6492
  307.750  0.6490
  308.000  0.6619
  308.250  0.6429
  308.500  0.6769
  308.750  0.6778
  309.000  0.5886
  309.250  0.5025
  309.500  0.4980
  309.750  0.5070
  310.000  0.4542
  310.250  0.4909
  310.500  0.6622
  310.750  0.7851
  311.000  0.8211
  311.250  0.8097
  311.500  0.7854
  311.750  0.7049
  312.000  0.6256
  312.250  0.6379
  312.500  0.6797
  312.750  0.6873
  313.000  0.6952
  313.250  0.6779
  313.500  0.6828
  313.750  0.7448
  314.000  0.7909
  314.250  0.7035
  314.500  0.5614
  314.750  0.6022
  315.000  0.7083
  315.250  0.7346
  315.500  0.6927
  315.750  0.5696
  316.000  0.4787
  316.250  0.5296
  316.500  0.6246
  316.750  0.6799
  317.000  0.7549
  317.250  0.8481
  317.500  0.8590
  317.750  0.7873
  318.000  0.6322
  318.250  0.5598
  318.500  0.6227
  318.750  0.7185
  319.000  0.7621
  319.250  0.6741
  319.500  0.6502
  319.750  0.7416
  320.000  0.8214
  320.250  0.8609
  320.500  0.9095
  320.750  0.8917
  321.000  0.7647
  321.250  0.6463
  321.500  0.6503
  321.750  0.7467
  322.000  0.8310
  322.250  0.8061
  322.500  0.7361
  322.750  0.6574
  323.000  0.6281
  323.250  0.6827
  323.500  0.6903
  323.750  0.7043
  324.000  0.7698
  324.250  0.8190
  324.500  0.8375
  324.750  0.8175
  325.000  0.7807
  325.250  0.8152
  325.500  0.9141
  325.750  1.0170
  326.000  1.0662
  326.250  1.0446
  326.500  0.9959
  326.750  1.0165
  327.000  1.0249
  327.250  0.9908
  327.500  1.0058
  327.750  0.9890
  328.000  0.9612
  328.250  0.9541
  328.500  0.9268
  328.750  0.8879
  329.000  0.9694
  329.250  1.0800
  329.500  1.1248
  329.750  1.1387
  330.000  1.1629
  330.250  1.1183
  330.500  0.9950
  330.750  0.9380
  331.000  0.9967
  331.250  1.0099
  331.500  0.9751
  331.750  1.0050
  332.000  1.0241
  332.250  0.9575
  332.500  0.9531
  332.750  0.9874
  333.000  0.9655
  333.250  0.9768
  333.500  0.9341
  333.750  0.8795
  334.000  0.9324
  334.250  0.9799
  334.500  1.0355
  334.750  1.0192
  335.000  0.9472
  335.250  1.0086
  335.500  1.0817
  335.750  1.0150
  336.000  0.7759
  336.250  0.7186
  336.500  0.8954
  336.750  0.8898
  337.000  0.7648
  337.250  0.7492
  337.500  0.8867
  337.750  0.9965
  338.000  0.9028
  338.250  0.8656
  338.500  0.9584
  338.750  1.0059
  339.000  0.9891
  339.250  0.9091
  339.500  0.8952
  339.750  1.0237
  340.000  1.1292
  340.250  1.1243
  340.500  1.0363
  340.750  0.9735
  341.000  0.9598
  341.250  0.9463
  341.500  0.8742
  341.750  0.9334
  342.000  1.0510
  342.250  1.0360
  342.500  0.9786
  342.750  1.0061
  343.000  1.0794
  343.250  1.0654
  343.500  1.0178
  343.750  0.9809
  344.000  0.8164
  344.250  0.6588
  344.500  0.7060
  344.750  0.8444
  345.000  0.9791
  345.250  1.0183
  345.500  1.0165
  345.750  0.9839
  346.000  0.8714
  346.250  0.8704
  346.500  0.9581
  346.750  0.9996
  347.000  1.0533
  347.250  1.0061
  347.500  0.8654
  347.750  0.8303
  348.000  0.9466
  348.250  0.9724
  348.500  0.9447
  348.750  0.9828
  349.000  0.9165
  349.250  0.8441
  349.500  0.8707
  349.750  0.8894
  350.000  1.0194
  350.250  1.1503
  350.500  1.1583
  350.750  1.1105
  351.000  1.0528
  351.250  0.9649
  351.500  0.9361
  351.750  1.0518
  352.000  1.0908
  352.250  0.9579
  352.500  0.8197
  352.750  0.8448
  353.000  1.0039
  353.250  1.0545
  353.500  1.0830
  353.750  1.1253
  354.000  1.1447
  354.250  1.1332
  354.500  1.1585
  354.750  1.1722
  355.000  1.1729
  355.250  1.1269
  355.500  1.0455
  355.750  1.0473
  356.000  1.0625
  356.250  1.0984
  356.500  0.9956
  356.750  0.8315
  357.000  0.7741
  357.250  0.8002
  357.500  0.9205
  357.750  0.9441
  358.000  0.8035
  358.250  0.6561
  358.500  0.6343
  358.750  0.6559
  359.000  0.8183
  359.250  1.0123
  359.500  1.0987
  359.750  1.1789
  360.000  1.2177
  360.250  1.1308
  360.500  0.9811
  360.750  0.8951
  361.000  0.8412
  361.250  0.9038
  361.500  0.9871
  361.750  0.9314
  362.000  0.8061
  362.250  0.9158
  362.500  1.0886
  362.750  1.2078
  363.000  1.1133
  363.250  0.8947
  363.500  0.8923
  363.750  1.0178
  364.000  1.1291
  364.250  1.1282
  364.500  1.0134
  364.750  0.9347
  365.000  0.9782
  365.250  1.1516
  365.500  1.2836
  365.750  1.3373
  366.000  1.3792
  366.250  1.3508
  366.500  1.2932
  366.750  1.2589
  367.000  1.2335
  367.250  1.2833
  367.500  1.3170
  367.750  1.2300
  368.000  1.1252
  368.250  1.1362
  368.500  1.1585
  368.750  1.0893
  369.000  1.1573
  369.250  1.3085
  369.500  1.3069
  369.750  1.3130
  370.000  1.3895
  370.250  1.3474
  370.500  1.1328
  370.750  0.9884
  371.000  1.0638
  371.250  1.2926
  371.500  1.4487
  371.750  1.3543
  372.000  1.0335
  372.250  0.8871
  372.500  1.0922
  372.750  1.2094
  373.000  1.1902
  373.250  1.0452
  373.500  0.7755
  373.750  0.7473
  374.000  1.0134
  374.250  1.1435
  374.500  0.9683
  374.750  0.7918
  375.000  0.7746
  375.250  1.0277
  375.500  1.2964
  375.750  1.2334
  376.000  1.0563
  376.250  1.0945
  376.500  1.1145
  376.750  1.1013
  377.000  1.1305
  377.250  1.2353
  377.500  1.3481
  377.750  1.3979
  378.000  1.4516
  378.250  1.5158
  378.500  1.4791
  378.750  1.2896
  379.000  1.1590
  379.250  1.1564
  379.500  1.0935
  379.750  0.9945
  380.000  1.0120
  380.250  1.2116
  380.500  1.3406
  380.750  1.3100
  381.000  1.3343
  381.250  1.3033
  381.500  1.0940
  381.750  0.9913
  382.000  0.9485
  382.250  0.8933
  382.500  0.8356
  382.750  0.7200
  383.000  0.7231
  383.250  0.7065
  383.500  0.6769
  383.750  0.6946
  384.000  0.6964
  384.250  0.8611
  384.500  1.0760
  384.750  1.1518
  385.000  1.1182
  385.250  1.0967
  385.500  1.0632
  385.750  0.9520
  386.000  0.8466
  386.250  0.9632
  386.500  1.1397
  386.750  1.1185
  387.000  0.9960
  387.250  0.9053
  387.500  1.0276
  387.750  1.0841
  388.000  0.9844
  388.250  0.9592
  388.500  0.9692
  388.750  0.9279
  389.000  0.9611
  389.250  1.1352
  389.500  1.2292
  389.750  1.2558
  390.000  1.2622
  390.250  1.2261
  390.500  1.1521
  390.750  1.1811
  391.000  1.3354
  391.250  1.4218
  391.500  1.4234
  391.750  1.3655
  392.000  1.2384
  392.250  1.1342
  392.500  1.1101
  392.750  0.9553
  393.000  0.6781
  393.250  0.4485
  393.500  0.3707
  393.750  0.5239
  394.000  0.7856
  394.250  0.9494
  394.500  1.0390
  394.750  1.1894
  395.000  1.3150
  395.250  1.3680
  395.500  1.3748
  395.750  1.3624
  396.000  1.2909
  396.250  1.0528
  396.500  0.8012
  396.750  0.5620
  397.000  0.4562
  397.250  0.6467
  397.500  0.9509
  397.750  1.2360
  398.000  1.4629
  398.250  1.5503
  398.500  1.5472
  398.750  1.5858
  399.000  1.6650
  399.250  1.7156
  399.500  1.7065
  399.750  1.6547
  400.000  1.7060
  400.250  1.7830
  400.500  1.6984
  400.750  1.6248
  401.000  1.7393
  401.250  1.8077
  401.500  1.8188
  401.750  1.7938
  402.000  1.8035
  402.250  1.8221
  402.500  1.8110
  402.750  1.8325
  403.000  1.7683
  403.250  1.5974
  403.500  1.6010
  403.750  1.7861
  404.000  1.8788
  404.250  1.8157
  404.500  1.5980
  404.750  1.5089
  405.000  1.7343
  405.250  1.8076
  405.500  1.7217
  405.750  1.6469
  406.000  1.6515
  406.250  1.6184
  406.500  1.5183
  406.750  1.6078
  407.000  1.6960
  407.250  1.6520
  407.500  1.6535
  407.750  1.5909
  408.000  1.6309
  408.250  1.7694
  408.500  1.7568
  408.750  1.8182
  409.000  1.9049
  409.250  1.8645
  409.500  1.7838
  409.750  1.6647
  410.000  1.5082
  410.250  1.3641
  410.500  1.4838
  410.750  1.6880
  411.000  1.7498
  411.250  1.7931
  411.500  1.8754
  411.750  1.8954
  412.000  1.8382
  412.250  1.8302
  412.500  1.8375
  412.750  1.8068
  413.000  1.7625
  413.250  1.6881
  413.500  1.6941
  413.750  1.8379
  414.000  1.9171
  414.250  1.8053
  414.500  1.6924
  414.750  1.7758
  415.000  1.8146
  415.250  1.7780
  415.500  1.7235
  415.750  1.7186
  416.000  1.8043
  416.250  1.8944
  416.500  1.9226
  416.750  1.8599
  417.000  1.8059
  417.250  1.7122
  417.500  1.6523
  417.750  1.7043
  418.000  1.7558
  418.250  1.7520
  418.500  1.7429
  418.750  1.7126
  419.000  1.7299
  419.250  1.8338
  419.500  1.8446
  419.750  1.7125
  420.000  1.6221
  420.250  1.6493
  420.500  1.7629
  420.750  1.8808
  421.000  1.9139
  421.250  1.9213
  421.500  1.8746
  421.750  1.8040
  422.000  1.8736
  422.250  1.8818
  422.500  1.6502
  422.750  1.4421
  423.000  1.6477
  423.250  1.8421
  423.500  1.7761
  423.750  1.6922
  424.000  1.7273
  424.250  1.8053
  424.500  1.8571
  424.750  1.7928
  425.000  1.6678
  425.250  1.6960
  425.500  1.7452
  425.750  1.7608
  426.000  1.6757
  426.250  1.6634
  426.500  1.8350
  426.750  1.8538
  427.000  1.6860
  427.250  1.4892
  427.500  1.5169
  427.750  1.7010
  428.000  1.7724
  428.250  1.7295
  428.500  1.7126
  428.750  1.6338
  429.000  1.5540
  429.250  1.5765
  429.500  1.6345
  429.750  1.5081
  430.000  1.2850
  430.250  1.1905
  430.500  1.2216
  430.750  1.1794
  431.000  1.1224
  431.250  1.2642
  431.500  1.5875
  431.750  1.9316
  432.000  2.0383
  432.250  1.8645
  432.500  1.5578
  432.750  1.5531
  433.000  1.8337
  433.250  1.9488
  433.500  1.9410
  433.750  1.7509
  434.000  1.4488
  434.250  1.4266
  434.500  1.6685
  434.750  1.8589
  435.000  1.8953
  435.250  1.7727
  435.500  1.7681
  435.750  1.8709
  436.000  1.9124
  436.250  1.9752
  436.500  2.0275
  436.750  1.9946
  437.000  1.9247
  437.250  1.8847
  437.500  1.8026
  437.750  1.8224
  438.000  1.8870
  438.250  1.7141
  438.500  1.4914
  438.750  1.6262
  439.000  1.7730
  439.250  1.8164
  439.500  1.8614
  439.750  1.9244
  440.000  1.9289
  440.250  1.8453
  440.500  1.7433
  440.750  1.7561
  441.000  1.9056
  441.250  2.0373
  441.500  1.9728
  441.750  1.9167
  442.000  2.0457
  442.250  2.0615
  442.500  2.0066
  442.750  2.0239
  443.000  2.0387
  443.250  1.9952
  443.500  1.9287
  443.750  1.9596
  444.000  2.0617
  444.250  1.9990
  444.500  1.9926
  444.750  2.0696
  445.000  2.0795
  445.250  2.0353
  445.500  1.8992
  445.750  1.7997
  446.000  1.8091
  446.250  1.8486
  446.500  1.9363
  446.750  1.9784
  447.000  1.9658
  447.250  2.0260
  447.500  2.1111
  447.750  2.1324
  448.000  2.0545
  448.250  1.9439
  448.500  2.0220
  448.750  2.0951
  449.000  2.0238
  449.250  2.0075
  449.500  2.0129
  449.750  2.0275
  450.000  2.0846
  450.250  2.1166
  450.500  2.1832
  450.750  2.2133
  451.000  2.1964
  451.250  2.1683
  451.500  2.1103
  451.750  2.0919
  452.000  2.1134
  452.250  2.1184
  452.500  2.0475
  452.750  1.9245
  453.000  1.8584
  453.250  1.8915
  453.500  1.9124
  453.750  2.0003
  454.000  2.1079
  454.250  2.1014
  454.500  2.0841
  454.750  2.0322
  455.000  1.9806
  455.250  1.9887
  455.500  2.0060
  455.750  2.0550
  456.000  2.1474
  456.250  2.1676
  456.500  2.1019
  456.750  2.0866
  457.000  2.1379
  457.250  2.1224
  457.500  2.1526
  457.750  2.1700
  458.000  2.0954
  458.250  2.0091
  458.500  2.0028
  458.750  2.0456
  459.000  2.1069
  459.250  2.0820
  459.500  2.0469
  459.750  2.0403
  460.000  2.0432
  460.250  2.0487
  460.500  2.0710
  460.750  2.1153
  461.000  2.1610
  461.250  2.1427
  461.500  2.1168
  461.750  2.1225
  462.000  2.1191
  462.250  2.1370
  462.500  2.1438
  462.750  2.1467
  463.000  2.1433
  463.250  2.1360
  463.500  2.1146
  463.750  2.0792
  464.000  2.0559
  464.250  2.0859
  464.500  2.0652
  464.750  1.9882
  465.000  1.9898
  465.250  2.0601
  465.500  2.0616
  465.750  2.0652
  466.000  2.1361
  466.250  2.1326
  466.500  2.0373
  466.750  1.9053
  467.000  1.9004
  467.250  2.0178
  467.500  2.0680
  467.750  2.0862
  468.000  2.0283
  468.250  2.0066
  468.500  2.0560
  468.750  2.0855
  469.000  2.0665
  469.250  2.0503
  469.500  2.0773
  469.750  2.0767
  470.000  2.0043
  470.250  1.9293
  470.500  1.9201
  470.750  1.9557
  471.000  1.9670
  471.250  2.0098
  471.500  2.0222
  471.750  2.0690
  472.000  2.1389
  472.250  2.1526
  472.500  2.1451
  472.750  2.0826
  473.000  1.9833
  473.250  1.9856
  473.500  2.0291
  473.750  2.0288
  474.000  2.0566
  474.250  2.0904
  474.500  2.1146
  474.750  2.1265
  475.000  2.1277
  475.250  2.0982
  475.500  2.0458
  475.750  2.0447
  476.000  2.0862
  476.250  2.0582
  476.500  1.9881
  476.750  1.9856
  477.000  2.0580
  477.250  2.0949
  477.500  2.1278
  477.750  2.1675
  478.000  2.1694
  478.250  2.1357
  478.500  2.0835
  478.750  2.0446
  479.000  2.0385
  479.250  2.0804
  479.500  2.1483
  479.750  2.1626
  480.000  2.1002
  480.250  2.0906
  480.500  2.1017
  480.750  2.0735
  481.000  2.0709
  481.250  2.0966
  481.500  2.1249
  481.750  2.1531
  482.000  2.1595
  482.250  2.1184
  482.500  2.0623
  482.750  2.0833
  483.000  2.0803
  483.250  2.0667
  483.500  2.0762
  483.750  2.0771
  484.000  2.0314
  484.250  1.9999
  484.500  2.0294
  484.750  2.0550
  485.000  2.0373
  485.250  2.0175
  485.500  1.9353
  485.750  1.8079
  486.000  1.6113
  486.250  1.4300
  486.500  1.5882
  486.750  1.8141
  487.000  1.8643
  487.250  1.8018
  487.500  1.8536
  487.750  1.9467
  488.000  2.0052
  488.250  2.0303
  488.500  1.9905
  488.750  1.9215
  489.000  1.8704
  489.250  1.8592
  489.500  2.0233
  489.750  2.1376
  490.000  2.1235
  490.250  2.0814
  490.500  2.0608
  490.750  2.0743
  491.000  2.0137
  491.250  1.9743
  491.500  2.0455
  491.750  2.0100
  492.000  1.8215
  492.250  1.7870
  492.500  1.9080
  492.750  2.0126
  493.000  2.0788
  493.250  2.0624
  493.500  1.9877
  493.750  1.9404
  494.000  1.9153
  494.250  2.0123
  494.500  2.0864
  494.750  2.0805
  495.000  2.0954
  495.250  2.0935
  495.500  2.0419
  495.750  1.9129
  496.000  1.9162
  496.250  2.0680
  496.500  2.0835
  496.750  2.0296
  497.000  2.0028
  497.250  2.0315
  497.500  2.0770
  497.750  2.0660
  498.000  1.9947
  498.250  1.8770
  498.500  1.8067
  498.750  1.9108
  499.000  2.0064
  499.250  2.0042
  499.500  2.0059
  499.750  2.0205
  500.000  1.9752
  500.250  1.9081
  500.500  1.8672
  500.750  1.8479
  501.000  1.9129
  501.250  1.8995
  501.500  1.8233
  501.750  1.8230
  502.000  1.8466
  502.250  1.8887
  502.500  1.9182
  502.750  1.9218
  503.000  1.9413
  503.250  2.0056
  503.500  2.0037
  503.750  1.9196
  504.000  1.8367
  504.250  1.7914
  504.500  1.9183
  504.750  2.0014
  505.000  1.9306
  505.250  1.9057
  505.500  1.9736
  505.750  2.0279
  506.000  2.0471
  506.250  2.0521
  506.500  1.9891
  506.750  1.9289
  507.000  1.9435
  507.250  1.9485
  507.500  1.9326
  507.750  1.9262
  508.000  1.8532
  508.250  1.8183
  508.500  1.8870
  508.750  1.9572
  509.000  1.9801
  509.250  1.9975
  509.500  2.0050
  509.750  1.9203
  510.000  1.8382
  510.250  1.9000
  510.500  1.9458
  510.750  1.9056
  511.000  1.8769
  511.250  1.9196
  511.500  1.9771
  511.750  1.9995
  512.000  2.0030
  512.250  1.9433
  512.500  1.8633
  512.750  1.8386
  513.000  1.8570
  513.250  1.8805
  513.500  1.8984
  513.750  1.8735
  514.000  1.8057
  514.250  1.7976
  514.500  1.8303
  514.750  1.8509
  515.000  1.8576
  515.250  1.8685
  515.500  1.8728
  515.750  1.9075
  516.000  1.9360
  516.250  1.8958
  516.500  1.7729
  516.750  1.5673
  517.000  1.4854
  517.250  1.4824
  517.500  1.5618
  517.750  1.8246
  518.000  1.8996
  518.250  1.7046
  518.500  1.4948
  518.750  1.6581
  519.000  1.8247
  519.250  1.8021
  519.500  1.7860
  519.750  1.8338
  520.000  1.8972
  520.250  1.9240
  520.500  1.8580
  520.750  1.7919
  521.000  1.8098
  521.250  1.9046
  521.500  1.9214
  521.750  1.8608
  522.000  1.9042
  522.250  1.9564
  522.500  1.8788
  522.750  1.7429
  523.000  1.7710
  523.250  1.8384
  523.500  1.8289
  523.750  1.8940
  524.000  1.9672
  524.250  1.9711
  524.500  1.9610
  524.750  1.9488
  525.000  1.9096
  525.250  1.8971
  525.500  1.9060
  525.750  1.9389
  526.000  1.9681
  526.250  1.8601
  526.500  1.6968
  526.750  1.6342
  527.000  1.6231
  527.250  1.6759
  527.500  1.7758
  527.750  1.8512
  528.000  1.9146
  528.250  1.8695
  528.500  1.8479
  528.750  1.9383
  529.000  2.0093
  529.250  2.0136
  529.500  1.9755
  529.750  1.8869
  530.000  1.8397
  530.250  1.8864
  530.500  1.9469
  530.750  1.9814
  531.000  1.9946
  531.250  2.0087
  531.500  1.9818
  531.750  1.9383
  532.000  1.9416
  532.250  1.9244
  532.500  1.8419
  532.750  1.7546
  533.000  1.7214
  533.250  1.8361
  533.500  1.9256
  533.750  1.9388
  534.000  1.8816
  534.250  1.8511
  534.500  1.8940
  534.750  1.8998
  535.000  1.8850
  535.250  1.9166
  535.500  1.9650
  535.750  2.0016
  536.000  2.0042
  536.250  1.9579
  536.500  1.8898
  536.750  1.8466
  537.000  1.8014
  537.250  1.7754
  537.500  1.8735
  537.750  1.9464
  538.000  1.9344
  538.250  1.9039
  538.500  1.8974
  538.750  1.9282
  539.000  1.9118
  539.250  1.8628
  539.500  1.8407
  539.750  1.8229
  540.000  1.8226
  540.250  1.8418
  540.500  1.7813
  540.750  1.7497
  541.000  1.7972
  541.250  1.8332
  541.500  1.8688
  541.750  1.8944
  542.000  1.9150
  542.250  1.8910
  542.500  1.8605
  542.750  1.8856
  543.000  1.8687
  543.250  1.8411
  543.500  1.8387
  543.750  1.8659
  544.000  1.9470
  544.250  1.9738
  544.500  1.9173
  544.750  1.8372
  545.000  1.8890
  545.250  1.9534
  545.500  1.9042
  545.750  1.8734
  546.000  1.9381
  546.250  1.9187
  546.500  1.8705
  546.750  1.9041
  547.000  1.9371
  547.250  1.9312
  547.500  1.8839
  547.750  1.8157
  548.000  1.8333
  548.250  1.8707
  548.500  1.9094
  548.750  1.9261
  549.000  1.9127
  549.250  1.9302
  549.500  1.9285
  549.750  1.9197
  550.000  1.9230
  550.250  1.9096
  550.500  1.8946
  550.750  1.8943
  551.000  1.9003
  551.250  1.8843
  551.500  1.8725
  551.750  1.9111
  552.000  1.9445
  552.250  1.9485
  552.500  1.9267
  552.750  1.8622
  553.000  1.8273
  553.250  1.8799
  553.500  1.8991
  553.750  1.8935
  554.000  1.9162
  554.250  1.9237
  554.500  1.9062
  554.750  1.9122
  555.000  1.9400
  555.250  1.9428
  555.500  1.9098
  555.750  1.9005
  556.000  1.9054
  556.250  1.8874
  556.500  1.8580
  556.750  1.8466
  557.000  1.8388
  557.250  1.8254
  557.500  1.8252
  557.750  1.8586
  558.000  1.8836
  558.250  1.8837
  558.500  1.8532
  558.750  1.7654
  559.000  1.7216
  559.250  1.7767
  559.500  1.8053
  559.750  1.8223
  560.000  1.8084
  560.250  1.7702
  560.500  1.8091
  560.750  1.8982
  561.000  1.9262
  561.250  1.9138
  561.500  1.8314
  561.750  1.7584
  562.000  1.8135
  562.250  1.8530
  562.500  1.8253
  562.750  1.8258
  563.000  1.8800
  563.250  1.8986
  563.500  1.8689
  563.750  1.8344
  564.000  1.8271
  564.250  1.8336
  564.500  1.8470
  564.750  1.8712
  565.000  1.8710
  565.250  1.8558
  565.500  1.8322
  565.750  1.7898
  566.000  1.7568
  566.250  1.7765
  566.500  1.8132
  566.750  1.8382
  567.000  1.8499
  567.250  1.8775
  567.500  1.8888
  567.750  1.8778
  568.000  1.8689
  568.250  1.8355
  568.500  1.8024
  568.750  1.7973
  569.000  1.8065
  569.250  1.8400
  569.500  1.8582
  569.750  1.8619
  570.000  1.8487
  570.250  1.8230
  570.500  1.8139
  570.750  1.7787
  571.000  1.7281
  571.250  1.7267
  571.500  1.7914
  571.750  1.8394
  572.000  1.8622
  572.250  1.8840
  572.500  1.8923
  572.750  1.8867
  573.000  1.8794
  573.250  1.8677
  573.500  1.8711
  573.750  1.8827
  574.000  1.8805
  574.250  1.8748
  574.500  1.8746
  574.750  1.8645
  575.000  1.8469
  575.250  1.8256
  575.500  1.7908
  575.750  1.8202
  576.000  1.8465
  576.250  1.8186
  576.500  1.8171
  576.750  1.8630
  577.000  1.8767
  577.250  1.8582
  577.500  1.8416
  577.750  1.8461
  578.000  1.8325
  578.250  1.7806
  578.500  1.7577
  578.750  1.7796
  579.000  1.8136
  579.250  1.8146
  579.500  1.8203
  579.750  1.8314
  580.000  1.8336
  580.250  1.8476
  580.500  1.8309
  580.750  1.8091
  581.000  1.8193
  581.250  1.8371
  581.500  1.8325
  581.750  1.8148
  582.000  1.8349
  582.250  1.8540
  582.500  1.8542
  582.750  1.8523
  583.000  1.8501
  583.250  1.8456
  583.500  1.8391
  583.750  1.8357
  584.000  1.8401
  584.250  1.8490
  584.500  1.8484
  584.750  1.8334
  585.000  1.8234
  585.250  1.8153
  585.500  1.7888
  585.750  1.7525
  586.000  1.7379
  586.250  1.7704
  586.500  1.7976
  586.750  1.8104
  587.000  1.8204
  587.250  1.8317
  587.500  1.8315
  587.750  1.8297
  588.000  1.8234
  588.250  1.8148
  588.500  1.8025
  588.750  1.7645
  589.000  1.6157
  589.250  1.5425
  589.500  1.6025
  589.750  1.5989
  590.000  1.6902
  590.250  1.7865
  590.500  1.8039
  590.750  1.7964
  591.000  1.8043
  591.250  1.8022
  591.500  1.7723
  591.750  1.7694
  592.000  1.8018
  592.250  1.8153
  592.500  1.8153
  592.750  1.8043
  593.000  1.7711
  593.250  1.7636
  593.500  1.7779
  593.750  1.7895
  594.000  1.8049
  594.250  1.8016
  594.500  1.8001
  594.750  1.7907
  595.000  1.7632
  595.250  1.7587
  595.500  1.7639
  595.750  1.7740
  596.000  1.7833
  596.250  1.7945
  596.500  1.7963
  596.750  1.7951
  597.000  1.7992
  597.250  1.8026
  597.500  1.7864
  597.750  1.7575
  598.000  1.7625
  598.250  1.7712
  598.500  1.7376
  598.750  1.7276
  599.000  1.7556
  599.250  1.7740
  599.500  1.7807
  599.750  1.7661
  600.000  1.7526
  600.250  1.7566
  600.500  1.7481
  600.750  1.7338
  601.000  1.7200
  601.250  1.7376
  601.500  1.7334
  601.750  1.7266
  602.000  1.7147
  602.250  1.6928
  602.500  1.7018
  602.750  1.7295
  603.000  1.7541
  603.250  1.7720
  603.500  1.7796
  603.750  1.7800
  604.000  1.7762
  604.250  1.7639
  604.500  1.7629
  604.750  1.7721
  605.000  1.7772
  605.250  1.7739
  605.500  1.7547
  605.750  1.7435
  606.000  1.7620
  606.250  1.7711
  606.500  1.7497
  606.750  1.7398
  607.000  1.7692
  607.250  1.7857
  607.500  1.7849
  607.750  1.7643
  608.000  1.7356
  608.250  1.7406
  608.500  1.7444
  608.750  1.7406
  609.000  1.7418
  609.250  1.7388
  609.500  1.7455
  609.750  1.7565
  610.000  1.7547
  610.250  1.7066
  610.500  1.6785
  610.750  1.7262
  611.000  1.7489
  611.250  1.7553
  611.500  1.7573
  611.750  1.7500
  612.000  1.7398
  612.250  1.7011
  612.500  1.6931
  612.750  1.7265
  613.000  1.7322
  613.250  1.7352
  613.500  1.7254
  613.750  1.6587
  614.000  1.6435
  614.250  1.6885
  614.500  1.7132
  614.750  1.7285
  615.000  1.7232
  615.250  1.7246
  615.500  1.7127
  615.750  1.6959
  616.000  1.6824
  616.250  1.6163
  616.500  1.5954
  616.750  1.6519
  617.000  1.6501
  617.250  1.6549
  617.500  1.6945
  617.750  1.7014
  618.000  1.7124
  618.250  1.7270
  618.500  1.7338
  618.750  1.7199
  619.000  1.6972
  619.250  1.6711
  619.500  1.6911
  619.750  1.7263
  620.000  1.7259
  620.250  1.7190
  620.500  1.7327
  620.750  1.7408
  621.000  1.7414
  621.250  1.7254
  621.500  1.6880
  621.750  1.6753
  622.000  1.6821
  622.250  1.6928
  622.500  1.7118
  622.750  1.7112
  623.000  1.6792
  623.250  1.6472
  623.500  1.6710
  623.750  1.6944
  624.000  1.6806
  624.250  1.6755
  624.500  1.6538
  624.750  1.6334
  625.000  1.6634
  625.250  1.6679
  625.500  1.6248
  625.750  1.6188
  626.000  1.6407
  626.250  1.6745
  626.500  1.6919
  626.750  1.6920
  627.000  1.6968
  627.250  1.6937
  627.500  1.7050
  627.750  1.7091
  628.000  1.6898
  628.250  1.6764
  628.500  1.6915
  628.750  1.7034
  629.000  1.7021
  629.250  1.6908
  629.500  1.6933
  629.750  1.6865
  630.000  1.6556
  630.250  1.6249
  630.500  1.6423
  630.750  1.6872
  631.000  1.6926
  631.250  1.6755
  631.500  1.6473
  631.750  1.6111
  632.000  1.6055
  632.250  1.6361
  632.500  1.6648
  632.750  1.6828
  633.000  1.6793
  633.250  1.6733
  633.500  1.6581
  633.750  1.6204
  634.000  1.6222
  634.250  1.6476
  634.500  1.6450
  634.750  1.6491
  635.000  1.6695
  635.250  1.6798
  635.500  1.6668
  635.750  1.6489
  636.000  1.6327
  636.250  1.6154
  636.500  1.6186
  636.750  1.6454
  637.000  1.6623
  637.250  1.6653
  637.500  1.6735
  637.750  1.6739
  638.000  1.6641
  638.250  1.6589
  638.500  1.6605
  638.750  1.6673
  639.000  1.6729
  639.250  1.6537
  639.500  1.6208
  639.750  1.6292
  640.000  1.6107
  640.250  1.5937
  640.500  1.6346
  640.750  1.6288
  641.000  1.6012
  641.250  1.5968
  641.500  1.6066
  641.750  1.6185
  642.000  1.6089
  642.250  1.5949
  642.500  1.6265
  642.750  1.6520
  643.000  1.6402
  643.250  1.6120
  643.500  1.6200
  643.750  1.6287
  644.000  1.5990
  644.250  1.6122
  644.500  1.6475
  644.750  1.6462
  645.000  1.6081
  645.250  1.5926
  645.500  1.6118
  645.750  1.6041
  646.000  1.6154
  646.250  1.5990
  646.500  1.5792
  646.750  1.6164
  647.000  1.6217
  647.250  1.6061
  647.500  1.6129
  647.750  1.6250
  648.000  1.6309
  648.250  1.6167
  648.500  1.6100
  648.750  1.6287
  649.000  1.6309
  649.250  1.5976
  649.500  1.5194
  649.750  1.4795
  650.000  1.5244
  650.250  1.5778
  650.500  1.6131
  650.750  1.6253
  651.000  1.6255
  651.250  1.6243
  651.500  1.6179
  651.750  1.5973
  652.000  1.5859
  652.250  1.6006
  652.500  1.6092
  652.750  1.5964
  653.000  1.5923
  653.250  1.5996
  653.500  1.5944
  653.750  1.5973
  654.000  1.6019
  654.250  1.5994
  654.500  1.5839
  654.750  1.5578
  655.000  1.5591
  655.250  1.5614
  655.500  1.5321
  655.750  1.4843
  656.000  1.4032
  656.250  1.2043
  656.500  1.0955
  656.750  1.2802
  657.000  1.4334
  657.250  1.4859
  657.500  1.5089
  657.750  1.5299
  658.000  1.5543
  658.250  1.5579
  658.500  1.5565
  658.750  1.5553
  659.000  1.5592
  659.250  1.5402
  659.500  1.5078
  659.750  1.5278
  660.000  1.5503
  660.250  1.5655
  660.500  1.5651
  660.750  1.5521
  661.000  1.5406
  661.250  1.5488
  661.500  1.5625
  661.750  1.5663
  662.000  1.5668
  662.250  1.5666
  662.500  1.5615
  662.750  1.5541
  663.000  1.5498
  663.250  1.5355
  663.500  1.5063
  663.750  1.5151
  664.000  1.5373
  664.250  1.5343
  664.500  1.5214
  664.750  1.5294
  665.000  1.5452
  665.250  1.5505
  665.500  1.5496
  665.750  1.5499
  666.000  1.5488
  666.250  1.5334
  666.500  1.5148
  666.750  1.5254
  667.000  1.5413
  667.250  1.5498
  667.500  1.5517
  667.750  1.5346
  668.000  1.5157
  668.250  1.5381
  668.500  1.5592
  668.750  1.5639
  669.000  1.5642
  669.250  1.5639
  669.500  1.5579
  669.750  1.5436
  670.000  1.5431
  670.250  1.5510
  670.500  1.5434
  670.750  1.5415
  671.000  1.5509
  671.250  1.5487
  671.500  1.5356
  671.750  1.5156
  672.000  1.5096
  672.250  1.5293
  672.500  1.5428
  672.750  1.5444
  673.000  1.5494
  673.250  1.5554
  673.500  1.5541
  673.750  1.5517
  674.000  1.5472
  674.250  1.5463
  674.500  1.5472
  674.750  1.5456
  675.000  1.5349
  675.250  1.5266
  675.500  1.5348
  675.750  1.5417
  676.000  1.5443
  676.250  1.5471
  676.500  1.5440
  676.750  1.5293
  677.000  1.5152
  677.250  1.5160
  677.500  1.5221
  677.750  1.5318
  678.000  1.5329
  678.250  1.5250
  678.500  1.5099
  678.750  1.5044
  679.000  1.5119
  679.250  1.5155
  679.500  1.5064
  679.750  1.4987
  680.000  1.4999
  680.250  1.5038
  680.500  1.5018
  680.750  1.4987
  681.000  1.4986
  681.250  1.4993
  681.500  1.5048
  681.750  1.5101
  682.000  1.5102
  682.250  1.5075
  682.500  1.5153
  682.750  1.5134
  683.000  1.5025
  683.250  1.5088
  683.500  1.5161
  683.750  1.5086
  684.000  1.4849
  684.250  1.4589
  684.500  1.4645
  684.750  1.4991
  685.000  1.5149
  685.250  1.5155
  685.500  1.5007
  685.750  1.4783
  686.000  1.4821
  686.250  1.4891
  686.500  1.4974
  686.750  1.5078
  687.000  1.5096
  687.250  1.5086
  687.500  1.5055
  687.750  1.5011
  688.000  1.4921
  688.250  1.4770
  688.500  1.4765
  688.750  1.4918
  689.000  1.5002
  689.250  1.5014
  689.500  1.4946
  689.750  1.4881
  690.000  1.4885
  690.250  1.4888
  690.500  1.4848
  690.750  1.4826
  691.000  1.4873
  691.250  1.4857
  691.500  1.4682
  691.750  1.4546
  692.000  1.4668
  692.250  1.4815
  692.500  1.4740
  692.750  1.4663
  693.000  1.4790
  693.250  1.4828
  693.500  1.4783
  693.750  1.4826
  694.000  1.4889
  694.250  1.4898
  694.500  1.4766
  694.750  1.4654
  695.000  1.4733
  695.250  1.4703
  695.500  1.4705
  695.750  1.4808
  696.000  1.4858
  696.250  1.4846
  696.500  1.4825
  696.750  1.4796
  697.000  1.4841
  697.250  1.4852
  697.500  1.4747
  697.750  1.4426
  698.000  1.4164
  698.250  1.4424
  698.500  1.4767
  698.750  1.4826
  699.000  1.4781
  699.250  1.4801
  699.500  1.4822
  699.750  1.4804
  700.000  1.4661
  700.250  1.4507
  700.500  1.4410
  700.750  1.4339
  701.000  1.4480
  701.250  1.4540
  701.500  1.4411
  701.750  1.4176
  702.000  1.4251
  702.250  1.4442
  702.500  1.4273
  702.750  1.4311
  703.000  1.4488
  703.250  1.4500
  703.500  1.4402
  703.750  1.4309
  704.000  1.4333
  704.250  1.4512
  704.500  1.4608
  704.750  1.4599
  705.000  1.4629
  705.250  1.4576
  705.500  1.4450
  705.750  1.4410
  706.000  1.4405
  706.250  1.4368
  706.500  1.4408
  706.750  1.4372
  707.000  1.4244
  707.250  1.4310
  707.500  1.4426
  707.750  1.4480
  708.000  1.4487
  708.250  1.4408
  708.500  1.4153
  708.750  1.4039
  709.000  1.4131
  709.250  1.4123
  709.500  1.4166
  709.750  1.4208
  710.000  1.4264
  710.250  1.4318
  710.500  1.4329
  710.750  1.4296
  711.000  1.4206
  711.250  1.4082
  711.500  1.4044
  711.750  1.4100
  712.000  1.4090
  712.250  1.3967
  712.500  1.3959
  712.750  1.4097
  713.000  1.4025
  713.250  1.3849
  713.500  1.3938
  713.750  1.4132
  714.000  1.4190
  714.250  1.4129
  714.500  1.4028
  714.750  1.3858
  715.000  1.3685
  715.250  1.3846
  715.500  1.4027
  715.750  1.4042
  716.000  1.4069
  716.250  1.4011
  716.500  1.3676
  716.750  1.3534
  717.000  1.3898
  717.250  1.4123
  717.500  1.4100
  717.750  1.3947
  718.000  1.3847
  718.250  1.3688
  718.500  1.3655
  718.750  1.3578
  719.000  1.3464
  719.250  1.3603
  719.500  1.3630
  719.750  1.3675
  720.000  1.3773
  720.250  1.3756
  720.500  1.3687
  720.750  1.3534
  721.000  1.3373
  721.250  1.3638
  721.500  1.3759
  721.750  1.3720
  722.000  1.3647
  722.250  1.3533
  722.500  1.3472
  722.750  1.3543
  723.000  1.3665
  723.250  1.3765
  723.500  1.3767
  723.750  1.3675
  724.000  1.3658
  724.250  1.3657
  724.500  1.3661
  724.750  1.3659
  725.000  1.3663
  725.250  1.3545
  725.500  1.3551
  725.750  1.3634
  726.000  1.3653
  726.250  1.3477
  726.500  1.3449
  726.750  1.3579
  727.000  1.3620
  727.250  1.3625
  727.500  1.3589
  727.750  1.3538
  728.000  1.3533
  728.250  1.3408
  728.500  1.3196
  728.750  1.3184
  729.000  1.3035
  729.250  1.2883
  729.500  1.3053
  729.750  1.3366
  730.000  1.3509
  730.250  1.3475
  730.500  1.3476
  730.750  1.3372
  731.000  1.3203
  731.250  1.3170
  731.500  1.3333
  731.750  1.3453
  732.000  1.3417
  732.250  1.3348
  732.500  1.3298
  732.750  1.3129
  733.000  1.3147
  733.250  1.3247
  733.500  1.3319
  733.750  1.3416
  734.000  1.3467
  734.250  1.3447
  734.500  1.3362
  734.750  1.3331
  735.000  1.3331
  735.250  1.3196
  735.500  1.3102
  735.750  1.3080
  736.000  1.3170
  736.250  1.3186
  736.500  1.3098
  736.750  1.3158
  737.000  1.3252
  737.250  1.3277
  737.500  1.3216
  737.750  1.3154
  738.000  1.3239
  738.250  1.3239
  738.500  1.3059
  738.750  1.2712
  739.000  1.2522
  739.250  1.2754
  739.500  1.2936
  739.750  1.3045
  740.000  1.3079
  740.250  1.2952
  740.500  1.2992
  740.750  1.2937
  741.000  1.2726
  741.250  1.2615
  741.500  1.2713
  741.750  1.2684
  742.000  1.2802
  742.250  1.2782
  742.500  1.2651
  742.750  1.2927
  743.000  1.3132
  743.250  1.3078
  743.500  1.3087
  743.750  1.3127
  744.000  1.3093
  744.250  1.2959
  744.500  1.2827
  744.750  1.2686
  745.000  1.2811
  745.250  1.3042
  745.500  1.3128
  745.750  1.3144
  746.000  1.3106
  746.250  1.2901
  746.500  1.2800
  746.750  1.3018
  747.000  1.3133
  747.250  1.3105
  747.500  1.3021
  747.750  1.2979
  748.000  1.2996
  748.250  1.2991
  748.500  1.2986
  748.750  1.3045
  749.000  1.3041
  749.250  1.2892
  749.500  1.2649
  749.750  1.2578
  750.000  1.2849
  750.250  1.3007
  750.500  1.2990
  750.750  1.2854
  751.000  1.2693
  751.250  1.2498
  751.500  1.2639
  751.750  1.2898
  752.000  1.2969
  752.250  1.2859
  752.500  1.2657
  752.750  1.2677
  753.000  1.2784
  753.250  1.2675
  753.500  1.2710
  753.750  1.2881
  754.000  1.2916
  754.250  1.2883
  754.500  1.2834
  754.750  1.2741
  755.000  1.2739
  755.250  1.2799
  755.500  1.2712
  755.750  1.2565
  756.000  1.2607
  756.250  1.2690
  756.500  1.2747
  756.750  1.2711
  757.000  1.2584
  757.250  1.2589
  757.500  1.2597
  757.750  1.2648
  758.000  1.2755
  758.250  1.2700
  758.500  1.2453
  758.750  1.2262
  759.000  1.2424
  759.250  1.2657
  759.500  1.2715
  759.750  1.2697
  760.000  1.2631
  760.250  1.2481
  760.500  1.2460
  760.750  1.2562
  761.000  1.2592
  761.250  1.2592
  761.500  1.2582
  761.750  1.2374
  762.000  1.2159
  762.250  1.2281
  762.500  1.2525
  762.750  1.2628
  763.000  1.2645
  763.250  1.2636
  763.500  1.2621
  763.750  1.2608
  764.000  1.2584
  764.250  1.2568
  764.500  1.2592
  764.750  1.2583
  765.000  1.2535
  765.250  1.2462
  765.500  1.2312
  765.750  1.2072
  766.000  1.1813
  766.250  1.1769
  766.500  1.1729
  766.750  1.1774
  767.000  1.2166
  767.250  1.2355
  767.500  1.2468
  767.750  1.2488
  768.000  1.2376
  768.250  1.2272
  768.500  1.2372
  768.750  1.2413
  769.000  1.2282
  769.250  1.2089
  769.500  1.2115
  769.750  1.2203
  770.000  1.2038
  770.250  1.2098
  770.500  1.2336
  770.750  1.2375
  771.000  1.2263
  771.250  1.2058
  771.500  1.1876
  771.750  1.1901
  772.000  1.2112
  772.250  1.2148
  772.500  1.2087
  772.750  1.2060
  773.000  1.2044
  773.250  1.2136
  773.500  1.2167
  773.750  1.2198
  774.000  1.2216
  774.250  1.2082
  774.500  1.1901
  774.750  1.1838
  775.000  1.1661
  775.250  1.1755
  775.500  1.2022
  775.750  1.2110
  776.000  1.2082
  776.250  1.2043
  776.500  1.2083
  776.750  1.2114
  777.000  1.2096
  777.250  1.1953
  777.500  1.1772
  777.750  1.1797
  778.000  1.1840
  778.250  1.1747
  778.500  1.1880
  778.750  1.1982
  779.000  1.1866
  779.250  1.1874
  779.500  1.1979
  779.750  1.1893
  780.000  1.1704
  780.250  1.1718
  780.500  1.1870
  780.750  1.1884
  781.000  1.1777
  781.250  1.1724
  781.500  1.1824
  781.750  1.1940
  782.000  1.1968
  782.250  1.1962
  782.500  1.1962
  782.750  1.1950
  783.000  1.1901
  783.250  1.1697
  783.500  1.1500
  783.750  1.1568
  784.000  1.1747
  784.250  1.1875
  784.500  1.1870
  784.750  1.1867
  785.000  1.1817
  785.250  1.1753
  785.500  1.1802
  785.750  1.1824
  786.000  1.1861
  786.250  1.1871
  786.500  1.1859
  786.750  1.1870
  787.000  1.1849
  787.250  1.1816
  787.500  1.1822
  787.750  1.1793
  788.000  1.1750
  788.250  1.1733
  788.500  1.1764
  788.750  1.1829
  789.000  1.1848
  789.250  1.1836
  789.500  1.1801
  789.750  1.1755
  790.000  1.1764
  790.250  1.1791
  790.500  1.1799
  790.750  1.1785
  791.000  1.1725
  791.250  1.1638
  791.500  1.1565
  791.750  1.1529
  792.000  1.1450
  792.250  1.1542
  792.500  1.1616
  792.750  1.1574
  793.000  1.1503
  793.250  1.1274
  793.500  1.1166
  793.750  1.1218
  794.000  1.1214
  794.250  1.1320
  794.500  1.1143
  794.750  1.0996
  795.000  1.1291
  795.250  1.1526
  795.500  1.1547
  795.750  1.1517
  796.000  1.1521
  796.250  1.1548
  796.500  1.1556
  796.750  1.1549
  797.000  1.1529
  797.250  1.1498
  797.500  1.1518
  797.750  1.1529
  798.000  1.1504
  798.250  1.1508
  798.500  1.1528
  798.750  1.1494
  799.000  1.1466
  799.250  1.1480
  799.500  1.1397
  799.750  1.1269
  800.000  1.1119
  800.250  1.1156
  800.500  1.1357
  800.750  1.1421
  801.000  1.1411
  801.250  1.1418
  801.500  1.1430
  801.750  1.1447
  802.000  1.1452
  802.250  1.1450
  802.500  1.1402
  802.750  1.1247
  803.000  1.1128
  803.250  1.1281
  803.500  1.1404
  803.750  1.1392
  804.000  1.1428
  804.250  1.1439
  804.500  1.1312
  804.750  1.1014
  805.000  1.0958
  805.250  1.1163
  805.500  1.1266
  805.750  1.1287
  806.000  1.1357
  806.250  1.1397
  806.500  1.1402
  806.750  1.1389
  807.000  1.1328
  807.250  1.1229
  807.500  1.1201
  807.750  1.1250
  808.000  1.1291
  808.250  1.1245
  808.500  1.1159
  808.750  1.1105
  809.000  1.1216
  809.250  1.1202
  809.500  1.1066
  809.750  1.1059
  810.000  1.1022
  810.250  1.1122
  810.500  1.1275
  810.750  1.1285
  811.000  1.1273
  811.250  1.1292
  811.500  1.1296
  811.750  1.1283
  812.000  1.1287
  812.250  1.1309
  812.500  1.1325
  812.750  1.1289
  813.000  1.1257
  813.250  1.1237
  813.500  1.1222
  813.750  1.1232
  814.000  1.1239
  814.250  1.1218
  814.500  1.1201
  814.750  1.1191
  815.000  1.1177
  815.250  1.1167
  815.500  1.1154
  815.750  1.1153
  816.000  1.1170
  816.250  1.1099
  816.500  1.1066
  816.750  1.1128
  817.000  1.1111
  817.250  1.1081
  817.500  1.1106
  817.750  1.1126
  818.000  1.1069
  818.250  1.0887
  818.500  1.0605
  818.750  1.0707
  819.000  1.0959
  819.250  1.1023
  819.500  1.0705
  819.750  1.0416
  820.000  1.0633
  820.250  1.0804
  820.500  1.0927
  820.750  1.0953
  821.000  1.0887
  821.250  1.0780
  821.500  1.0607
  821.750  1.0681
  822.000  1.0704
  822.250  1.0529
  822.500  1.0709
  822.750  1.0922
  823.000  1.0922
  823.250  1.0790
  823.500  1.0730
  823.750  1.0830
  824.000  1.0855
  824.250  1.0882
  824.500  1.0910
  824.750  1.0867
  825.000  1.0733
  825.250  1.0778
  825.500  1.0875
  825.750  1.0848
  826.000  1.0831
  826.250  1.0858
  826.500  1.0853
  826.750  1.0843
  827.000  1.0855
  827.250  1.0848
  827.500  1.0796
  827.750  1.0727
  828.000  1.0770
  828.250  1.0840
  828.500  1.0852
  828.750  1.0825
  829.000  1.0786
  829.250  1.0758
  829.500  1.0685
  829.750  1.0695
  830.000  1.0763
  830.250  1.0780
  830.500  1.0722
  830.750  1.0623
  831.000  1.0602
  831.250  1.0585
  831.500  1.0671
  831.750  1.0756
  832.000  1.0749
  832.250  1.0705
  832.500  1.0645
  832.750  1.0458
  833.000  1.0332
  833.250  1.0362
  833.500  1.0296
  833.750  1.0341
  834.000  1.0376
  834.250  1.0438
  834.500  1.0495
  834.750  1.0357
  835.000  1.0396
  835.250  1.0603
  835.500  1.0678
  835.750  1.0660
  836.000  1.0597
  836.250  1.0533
  836.500  1.0507
  836.750  1.0482
  837.000  1.0560
  837.250  1.0607
  837.500  1.0584
  837.750  1.0568
  838.000  1.0553
  838.250  1.0547
  838.500  1.0485
  838.750  1.0354
  839.000  1.0204
  839.250  1.0372
  839.500  1.0553
  839.750  1.0546
  840.000  1.0526
  840.250  1.0515
  840.500  1.0501
  840.750  1.0525
  841.000  1.0533
  841.250  1.0483
  841.500  1.0421
  841.750  1.0436
  842.000  1.0437
  842.250  1.0401
  842.500  1.0323
  842.750  1.0276
  843.000  1.0357
  843.250  1.0445
  843.500  1.0330
  843.750  1.0138
  844.000  1.0144
  844.250  1.0202
  844.500  1.0257
  844.750  1.0169
  845.000  1.0195
  845.250  1.0333
  845.500  1.0386
  845.750  1.0382
  846.000  1.0371
  846.250  1.0374
  846.500  1.0350
  846.750  1.0226
  847.000  1.0036
  847.250  1.0068
  847.500  1.0213
  847.750  1.0294
  848.000  1.0298
  848.250  1.0241
  848.500  1.0218
  848.750  1.0260
  849.000  1.0259
  849.250  1.0214
  849.500  1.0026
  849.750  0.9276
  850.000  0.8352
  850.250  0.8805
  850.500  0.9659
  850.750  1.0069
  851.000  1.0195
  851.250  1.0144
  851.500  0.9917
  851.750  0.9810
  852.000  0.9984
  852.250  1.0123
  852.500  1.0121
  852.750  0.9999
  853.000  0.9943
  853.250  0.9978
  853.500  0.9869
  853.750  0.9484
  854.000  0.8651
  854.250  0.7230
  854.500  0.6664
  854.750  0.7933
  855.000  0.9137
  855.250  0.9653
  855.500  0.9835
  855.750  0.9770
  856.000  0.9767
  856.250  0.9927
  856.500  1.0011
  856.750  1.0055
  857.000  1.0050
  857.250  1.0003
  857.500  0.9982
  857.750  1.0019
  858.000  1.0044
  858.250  0.9967
  858.500  0.9867
  858.750  0.9916
  859.000  0.9981
  859.250  0.9966
  859.500  0.9870
  859.750  0.9785
  860.000  0.9750
  860.250  0.9851
  860.500  0.9952
  860.750  0.9955
  861.000  0.9913
  861.250  0.9814
  861.500  0.9779
  861.750  0.9878
  862.000  0.9959
  862.250  0.9948
  862.500  0.9948
  862.750  1.0053
  863.000  1.0096
  863.250  1.0074
  863.500  1.0033
  863.750  1.0048
  864.000  1.0088
  864.250  1.0100
  864.500  1.0083
  864.750  0.9985
  865.000  0.9776
  865.250  0.9793
  865.500  0.9888
  865.750  0.9739
  866.000  0.9136
  866.250  0.7759
  866.500  0.7086
  866.750  0.8287
  867.000  0.9383
  867.250  0.9734
  867.500  0.9767
  867.750  0.9775
  868.000  0.9899
  868.250  0.9947
  868.500  1.0022
  868.750  0.9930
  869.000  0.9623
  869.250  0.9733
  869.500  1.0053
  869.750  1.0124
  870.000  1.0074
  870.250  1.0026
  870.500  1.0094
  870.750  1.0131
  871.000  1.0063
  871.250  0.9876
  871.500  0.9813
  871.750  0.9917
  872.000  0.9940
  872.250  1.0030
  872.500  1.0105
  872.750  1.0016
  873.000  0.9839
  873.250  0.9874
  873.500  0.9909
  873.750  0.9687
  874.000  0.9694
  874.250  0.9798
  874.500  0.9762
  874.750  0.9827
  875.000  0.9813
  875.250  0.9651
  875.500  0.9590
  875.750  0.9688
  876.000  0.9727
  876.250  0.9814
  876.500  0.9733
  876.750  0.9699
  877.000  0.9817
  877.250  0.9766
  877.500  0.9565
  877.750  0.9637
  878.000  0.9815
  878.250  0.9816
  878.500  0.9803
  878.750  0.9806
  879.000  0.9744
  879.250  0.9526
  879.500  0.9420
  879.750  0.9557
  880.000  0.9717
  880.250  0.9762
  880.500  0.9561
  880.750  0.8975
  881.000  0.8813
  881.250  0.9386
  881.500  0.9709
  881.750  0.9744
  882.000  0.9728
  882.250  0.9675
  882.500  0.9473
  882.750  0.9403
  883.000  0.9608
  883.250  0.9697
  883.500  0.9683
  883.750  0.9605
  884.000  0.9480
  884.250  0.9516
  884.500  0.9605
  884.750  0.9571
  885.000  0.9550
  885.250  0.9599
  885.500  0.9603
  885.750  0.9569
  886.000  0.9501
  886.250  0.9346
  886.500  0.9186
  886.750  0.9099
  887.000  0.9104
  887.250  0.9345
  887.500  0.9475
  887.750  0.9439
  888.000  0.9433
  888.250  0.9472
  888.500  0.9476
  888.750  0.9488
  889.000  0.9510
  889.250  0.9445
  889.500  0.9367
  889.750  0.9426
  890.000  0.9439
  890.250  0.9428
  890.500  0.9448
  890.750  0.9439
  891.000  0.9435
  891.250  0.9347
  891.500  0.9273
  891.750  0.9367
  892.000  0.9375
  892.250  0.9312
  892.500  0.9241
  892.750  0.9141
  893.000  0.9094
  893.250  0.9233
  893.500  0.9364
  893.750  0.9406
  894.000  0.9404
  894.250  0.9344
  894.500  0.9216
  894.750  0.9103
  895.000  0.9129
  895.250  0.9238
  895.500  0.9325
  895.750  0.9345
  896.000  0.9338
  896.250  0.9318
  896.500  0.9285
  896.750  0.9202
  897.000  0.9160
  897.250  0.9233
  897.500  0.9240
  897.750  0.9144
  898.000  0.9159
  898.250  0.9234
  898.500  0.9229
  898.750  0.9183
  899.000  0.9175
  899.250  0.9160
  899.500  0.9165
  899.750  0.9150
  900.000  0.9002
  900.250  0.8921
  900.500  0.9058
  900.750  0.9032
  901.000  0.8786
  901.250  0.8589
  901.500  0.8578
  901.750  0.8636
  902.000  0.8723
  902.250  0.8781
  902.500  0.8775
  902.750  0.8875
  903.000  0.9022
  903.250  0.9070
  903.500  0.9092
  903.750  0.9096
  904.000  0.9096
  904.250  0.9126
  904.500  0.9137
  904.750  0.9128
  905.000  0.9097
  905.250  0.9048
  905.500  0.9055
  905.750  0.9101
  906.000  0.9046
  906.250  0.8777
  906.500  0.8649
  906.750  0.8914
  907.000  0.9038
  907.250  0.9007
  907.500  0.9040
  907.750  0.9005
  908.000  0.8776
  908.250  0.8707
  908.500  0.8909
  908.750  0.8908
  909.000  0.8603
  909.250  0.8553
  909.500  0.8691
  909.750  0.8661
  910.000  0.8794
  910.250  0.8853
  910.500  0.8892
  910.750  0.8944
  911.000  0.8955
  911.250  0.8833
  911.500  0.8751
  911.750  0.8814
  912.000  0.8762
  912.250  0.8822
  912.500  0.8958
  912.750  0.8993
  913.000  0.8974
  913.250  0.8951
  913.500  0.8955
  913.750  0.8945
  914.000  0.8916
  914.250  0.8893
  914.500  0.8866
  914.750  0.8790
  915.000  0.8743
  915.250  0.8836
  915.500  0.8891
  915.750  0.8854
  916.000  0.8836
  916.250  0.8863
  916.500  0.8819
  916.750  0.8779
  917.000  0.8796
  917.250  0.8761
  917.500  0.8700
  917.750  0.8725
  918.000  0.8783
  918.250  0.8790
  918.500  0.8800
  918.750  0.8810
  919.000  0.8792
  919.250  0.8773
  919.500  0.8775
  919.750  0.8780
  920.000  0.8737
  920.250  0.8698
  920.500  0.8708
  920.750  0.8695
  921.000  0.8611
  921.250  0.8455
  921.500  0.8314
  921.750  0.8361
  922.000  0.8426
  922.250  0.8520
  922.500  0.8544
  922.750  0.8346
  923.000  0.8108
  923.250  0.8130
  923.500  0.8344
  923.750  0.8424
  924.000  0.8398
  924.250  0.8476
  924.500  0.8518
  924.750  0.8477
  925.000  0.8501
  925.250  0.8555
  925.500  0.8433
  925.750  0.8171
  926.000  0.8148
  926.250  0.8362
  926.500  0.8507
  926.750  0.8565
  927.000  0.8625
  927.250  0.8632
  927.500  0.8631
  927.750  0.8651
  928.000  0.8620
  928.250  0.8578
  928.500  0.8589
  928.750  0.8589
  929.000  0.8541
  929.250  0.8499
  929.500  0.8528
  929.750  0.8534
  930.000  0.8534
  930.250  0.8580
  930.500  0.8604
  930.750  0.8592
  931.000  0.8567
  931.250  0.8539
  931.500  0.8547
  931.750  0.8530
  932.000  0.8446
  932.250  0.8487
  932.500  0.8519
  932.750  0.8507
  933.000  0.8539
  933.250  0.8579
  933.500  0.8567
  933.750  0.8542
  934.000  0.8587
  934.250  0.8580
  934.500  0.8485
  934.750  0.8468
  935.000  0.8509
  935.250  0.8475
  935.500  0.8507
  935.750  0.8481
  936.000  0.8360
  936.250  0.8338
  936.500  0.8424
  936.750  0.8491
  937.000  0.8455
  937.250  0.8438
  937.500  0.8439
  937.750  0.8494
  938.000  0.8529
  938.250  0.8402
  938.500  0.8368
  938.750  0.8420
  939.000  0.8409
  939.250  0.8453
  939.500  0.8444
  939.750  0.8433
  940.000  0.8459
  940.250  0.8400
  940.500  0.8305
  940.750  0.8124
  941.000  0.8160
  941.250  0.8212
  941.500  0.7860
  941.750  0.7683
  942.000  0.8060
  942.250  0.8336
  942.500  0.8414
  942.750  0.8462
  943.000  0.8393
  943.250  0.8182
  943.500  0.8090
  943.750  0.8201
  944.000  0.8153
  944.250  0.8148
  944.500  0.8210
  944.750  0.8159
  945.000  0.8190
  945.250  0.8274
  945.500  0.8230
  945.750  0.8190
  946.000  0.8292
  946.250  0.8332
  946.500  0.8286
  946.750  0.8309
  947.000  0.8338
  947.250  0.8313
  947.500  0.8353
  947.750  0.8380
  948.000  0.8363
  948.250  0.8343
  948.500  0.8322
  948.750  0.8291
  949.000  0.8288
  949.250  0.8326
  949.500  0.8290
  949.750  0.8205
  950.000  0.8245
  950.250  0.8287
  950.500  0.8236
  950.750  0.8223
  951.000  0.8270
  951.250  0.8268
  951.500  0.8210
  951.750  0.8214
  952.000  0.8206
  952.250  0.8180
  952.500  0.8256
  952.750  0.8248
  953.000  0.8166
  953.250  0.8157
  953.500  0.8202
  953.750  0.8170
  954.000  0.8127
  954.250  0.8077
  954.500  0.7873
  954.750  0.7575
  955.000  0.7596
  955.250  0.7840
  955.500  0.8010
  955.750  0.8134
  956.000  0.8180
  956.250  0.8150
  956.500  0.8123
  956.750  0.8133
  957.000  0.8086
  957.250  0.7978
  957.500  0.7982
  957.750  0.8036
  958.000  0.8076
  958.250  0.8088
  958.500  0.8100
  958.750  0.8109
  959.000  0.8116
  959.250  0.8134
  959.500  0.8114
  959.750  0.8084
  960.000  0.8032
  960.250  0.7973
  960.500  0.7911
  960.750  0.7934
  961.000  0.8026
  961.250  0.8090
  961.500  0.8099
  961.750  0.8054
  962.000  0.7991
  962.250  0.7874
  962.500  0.7849
  962.750  0.7827
  963.000  0.7840
  963.250  0.7966
  963.500  0.7955
  963.750  0.7868
  964.000  0.7819
  964.250  0.7905
  964.500  0.8000
  964.750  0.7963
  965.000  0.7919
  965.250  0.7921
  965.500  0.7888
  965.750  0.7829
  966.000  0.7690
  966.250  0.7713
  966.500  0.7871
  966.750  0.7914
  967.000  0.7945
  967.250  0.7933
  967.500  0.7884
  967.750  0.7817
  968.000  0.7847
  968.250  0.7914
  968.500  0.7940
  968.750  0.7938
  969.000  0.7863
  969.250  0.7810
  969.500  0.7840
  969.750  0.7866
  970.000  0.7877
  970.250  0.7830
  970.500  0.7790
  970.750  0.7785
  971.000  0.7835
  971.250  0.7905
  971.500  0.7915
  971.750  0.7894
  972.000  0.7876
  972.250  0.7874
  972.500  0.7867
  972.750  0.7849
  973.000  0.7796
  973.250  0.7795
  973.500  0.7814
  973.750  0.7739
  974.000  0.7613
  974.250  0.7636
  974.500  0.7719
  974.750  0.7729
  975.000  0.7759
  975.250  0.7770
  975.500  0.7734
  975.750  0.7743
  976.000  0.7772
  976.250  0.7749
  976.500  0.7640
  976.750  0.7616
  977.000  0.7700
  977.250  0.7715
  977.500  0.7746
  977.750  0.7772
  978.000  0.7749
  978.250  0.7704
  978.500  0.7629
  978.750  0.7591
  979.000  0.7601
  979.250  0.7653
  979.500  0.7696
  979.750  0.7689
  980.000  0.7643
  980.250  0.7565
  980.500  0.7604
  980.750  0.7683
  981.000  0.7687
  981.250  0.7660
  981.500  0.7656
  981.750  0.7681
  982.000  0.7690
  982.250  0.7686
  982.500  0.7660
  982.750  0.7617
  983.000  0.7605
  983.250  0.7614
  983.500  0.7582
  983.750  0.7580
  984.000  0.7621
  984.250  0.7624
  984.500  0.7625
  984.750  0.7631
  985.000  0.7622
  985.250  0.7599
  985.500  0.7583
  985.750  0.7571
  986.000  0.7574
  986.250  0.7531
  986.500  0.7490
  986.750  0.7538
  987.000  0.7526
  987.250  0.7519
  987.500  0.7527
  987.750  0.7550
  988.000  0.7573
  988.250  0.7549
  988.500  0.7528
  988.750  0.7505
  989.000  0.7397
  989.250  0.7308
  989.500  0.7402
  989.750  0.7508
  990.000  0.7497
  990.250  0.7487
  990.500  0.7511
  990.750  0.7518
  991.000  0.7514
  991.250  0.7480
  991.500  0.7445
  991.750  0.7468
  992.000  0.7502
  992.250  0.7502
  992.500  0.7473
  992.750  0.7459
  993.000  0.7451
  993.250  0.7397
  993.500  0.7398
  993.750  0.7459
  994.000  0.7467
  994.250  0.7442
  994.500  0.7400
  994.750  0.7389
  995.000  0.7404
  995.250  0.7396
  995.500  0.7399
  995.750  0.7405
  996.000  0.7407
  996.250  0.7403
  996.500  0.7406
  996.750  0.7419
  997.000  0.7419
  997.250  0.7415
  997.500  0.7412
  997.750  0.7395
  998.000  0.7382
  998.250  0.7372
  998.500  0.7366
  998.750  0.7358
  999.000  0.7358
  999.250  0.7360
  999.500  0.7053
  999.750  0.5306
 1000.000  0.2100
